100160 100024 42890081 1/5/2025 1 29/4/2025 1 116692
100207 100034 42890105 1/5/2025 4 30/4/2025 1 279984
100284 100054 42890169 1/5/2025 5 1/5/2025 0 764175
100367 100096 42890091 1/5/2025 3 28/4/2025 0 444417
100410 100044 42890002 1/5/2025 5 30/4/2025 1 482795
100310 100087 42890022 2/5/2025 5 2/5/2025 0 1026870
100356 100086 42890248 3/5/2025 1 1/5/2025 1 61162
100100 100073 42890294 4/5/2025 2 3/5/2025 0 341104
100219 100031 42890076 4/5/2025 3 1/5/2025 1 579642
100202 100093 42890073 5/5/2025 2 3/5/2025 0 384712
100118 100091 42890232 6/5/2025 3 4/5/2025 1 218808
100433 100046 42890153 6/5/2025 4 3/5/2025 1 471692
100440 100004 42890050 6/5/2025 4 3/5/2025 1 432832
100453 100086 42890032 6/5/2025 2 3/5/2025 0 122324
100067 100045 42890015 7/5/2025 5 4/5/2025 0 447315
100287 100060 42890012 7/5/2025 4 4/5/2025 1 315568
100178 100065 42890252 8/5/2025 3 7/5/2025 0 191025
100277 100051 42890015 8/5/2025 5 5/5/2025 0 1158485
100495 100077 42890063 8/5/2025 3 5/5/2025 1 743739
100194 100096 42890192 9/5/2025 2 7/5/2025 1 296278
100268 100011 42890108 9/5/2025 5 7/5/2025 1 956075
100028 100029 42890028 10/5/2025 2 9/5/2025 1 341102
100091 100021 42890278 10/5/2025 2 7/5/2025 0 233490
100174 100032 42890011 11/5/2025 1 11/5/2025 1 82498
100251 100055 42890197 11/5/2025 2 8/5/2025 0 295578
100328 100044 42890264 11/5/2025 1 10/5/2025 1 96559
100200 100077 42890240 12/5/2025 2 10/5/2025 0 495826
100389 100029 42890123 13/5/2025 4 12/5/2025 0 682204
100424 100052 42890046 14/5/2025 4 11/5/2025 0 616344
100002 100079 42890023 15/5/2025 2 12/5/2025 1 365826
100190 100037 42890190 15/5/2025 1 15/5/2025 1 229690
100242 100095 42890266 16/5/2025 5 16/5/2025 1 380490
100491 100015 42890255 16/5/2025 4 16/5/2025 1 388824
100244 100023 42890128 17/5/2025 1 17/5/2025 0 246792
100397 100063 42890273 17/5/2025 2 17/5/2025 0 464618
100417 100002 42890225 17/5/2025 2 17/5/2025 1 333864
100354 100005 42890257 18/5/2025 4 16/5/2025 0 727900
100285 100059 42890044 19/5/2025 3 19/5/2025 0 584517
100406 100001 42890142 19/5/2025 4 17/5/2025 1 262568
100170 100026 42890291 20/5/2025 3 18/5/2025 0 641052
100340 100004 42890081 20/5/2025 1 17/5/2025 0 108208
100377 100088 42890101 20/5/2025 4 18/5/2025 1 997888
100439 100002 42890224 20/5/2025 1 19/5/2025 0 166932
100447 100077 42890242 20/5/2025 4 18/5/2025 1 991652
100072 100083 42890153 21/5/2025 3 21/5/2025 1 665748
100182 100079 42890288 22/5/2025 2 19/5/2025 0 365826
100191 100033 42890158 22/5/2025 2 20/5/2025 0 240924
100480 100066 42890057 23/5/2025 4 21/5/2025 1 372540
100086 100063 42890053 25/5/2025 5 23/5/2025 0 1161545
100014 100027 42890166 26/5/2025 4 24/5/2025 0 855568
100240 100038 42890263 26/5/2025 5 24/5/2025 1 1175455
100393 100060 42890259 26/5/2025 3 26/5/2025 0 236676
100448 100065 42890200 26/5/2025 1 26/5/2025 0 63675
100009 100008 42890240 27/5/2025 5 26/5/2025 1 918345
100130 100081 42890258 27/5/2025 1 25/5/2025 0 194594
100238 100019 42890174 27/5/2025 1 26/5/2025 0 99827
100013 100039 42890231 28/5/2025 2 26/5/2025 0 474734
100414 100025 42890258 28/5/2025 5 26/5/2025 1 675200
100430 100055 42890297 28/5/2025 5 28/5/2025 0 738945
100110 100016 42890017 30/5/2025 5 27/5/2025 1 461255
100295 100088 42890276 30/5/2025 4 28/5/2025 0 997888
100493 100072 42890008 30/5/2025 1 29/5/2025 1 198448
100207 100034 42890105 1/5/2025 4 30/4/2025 1 279984
100284 100054 42890169 1/5/2025 5 1/5/2025 0 764175
100367 100096 42890091 1/5/2025 3 28/4/2025 0 444417
100410 100044 42890002 1/5/2025 5 30/4/2025 1 482795
100310 100087 42890022 2/5/2025 5 2/5/2025 0 1026870
100356 100086 42890248 3/5/2025 1 1/5/2025 1 61162
100100 100073 42890294 4/5/2025 2 3/5/2025 0 341104
100219 100031 42890076 4/5/2025 3 1/5/2025 1 579642
100202 100093 42890073 5/5/2025 2 3/5/2025 0 384712
100118 100091 42890232 6/5/2025 3 4/5/2025 1 218808
100433 100046 42890153 6/5/2025 4 3/5/2025 1 471692
100440 100004 42890050 6/5/2025 4 3/5/2025 1 432832
100453 100086 42890032 6/5/2025 2 3/5/2025 0 122324
100067 100045 42890015 7/5/2025 5 4/5/2025 0 447315
100287 100060 42890012 7/5/2025 4 4/5/2025 1 315568
100178 100065 42890252 8/5/2025 3 7/5/2025 0 191025
100277 100051 42890015 8/5/2025 5 5/5/2025 0 1158485
100495 100077 42890063 8/5/2025 3 5/5/2025 1 743739
100194 100096 42890192 9/5/2025 2 7/5/2025 1 296278
100268 100011 42890108 9/5/2025 5 7/5/2025 1 956075
100028 100029 42890028 10/5/2025 2 9/5/2025 1 341102
100091 100021 42890278 10/5/2025 2 7/5/2025 0 233490
100174 100032 42890011 11/5/2025 1 11/5/2025 1 82498
100251 100055 42890197 11/5/2025 2 8/5/2025 0 295578
100328 100044 42890264 11/5/2025 1 10/5/2025 1 96559
100200 100077 42890240 12/5/2025 2 10/5/2025 0 495826
100389 100029 42890123 13/5/2025 4 12/5/2025 0 682204
100424 100052 42890046 14/5/2025 4 11/5/2025 0 616344
100002 100079 42890023 15/5/2025 2 12/5/2025 1 365826
100190 100037 42890190 15/5/2025 1 15/5/2025 1 229690
100242 100095 42890266 16/5/2025 5 16/5/2025 1 380490
100491 100015 42890255 16/5/2025 4 16/5/2025 1 388824
100244 100023 42890128 17/5/2025 1 17/5/2025 0 246792
100397 100063 42890273 17/5/2025 2 17/5/2025 0 464618
100417 100002 42890225 17/5/2025 2 17/5/2025 1 333864
100354 100005 42890257 18/5/2025 4 16/5/2025 0 727900
100285 100059 42890044 19/5/2025 3 19/5/2025 0 584517
100406 100001 42890142 19/5/2025 4 17/5/2025 1 262568
100170 100026 42890291 20/5/2025 3 18/5/2025 0 641052
100340 100004 42890081 20/5/2025 1 17/5/2025 0 108208
100377 100088 42890101 20/5/2025 4 18/5/2025 1 997888
100439 100002 42890224 20/5/2025 1 19/5/2025 0 166932
100447 100077 42890242 20/5/2025 4 18/5/2025 1 991652
100072 100083 42890153 21/5/2025 3 21/5/2025 1 665748
100182 100079 42890288 22/5/2025 2 19/5/2025 0 365826
100191 100033 42890158 22/5/2025 2 20/5/2025 0 240924
100480 100066 42890057 23/5/2025 4 21/5/2025 1 372540
100086 100063 42890053 25/5/2025 5 23/5/2025 0 1161545
100393 100060 42890259 26/5/2025 3 26/5/2025 0 236676
100448 100065 42890200 26/5/2025 1 26/5/2025 0 63675
100130 100081 42890258 27/5/2025 1 25/5/2025 0 194594
100414 100025 42890258 28/5/2025 5 26/5/2025 1 675200
100430 100055 42890297 28/5/2025 5 28/5/2025 0 738945
100110 100016 42890017 30/5/2025 5 27/5/2025 1 461255
100295 100088 42890276 30/5/2025 4 28/5/2025 0 997888
100493 100072 42890008 30/5/2025 1 29/5/2025 1 198448
