100177 100082 42890052 4.5 0.6 02/06/2025 5 30/05/2025 0 822810
100227 100022 42890174 3.5 1.5 02/06/2025 2 30/05/2025 0 451202
100386 100070 42890246 3.8 1.5 02/06/2025 3 31/05/2025 1 701445
100459 100010 42890268 4.3 1.0 02/06/2025 3 30/05/2025 1 475185
100092 100080 42890290 4.3 1.5 03/06/2025 1 31/05/2025 1 146989
100275 100061 42890174 3.5 1.5 03/06/2025 5 01/06/2025 0 1094735
100019 100004 42890217 4.6 1.9 04/06/2025 2 02/06/2025 1 216416
100047 100054 42890054 4.1 0.6 04/06/2025 2 02/06/2025 1 305670
100325 100074 42890240 4.7 0.8 05/06/2025 5 05/06/2025 1 797325
100441 100026 42890284 4.1 0.8 05/06/2025 1 02/06/2025 0 213684
100036 100091 42890072 4.1 0.8 07/06/2025 2 06/06/2025 0 145872
100126 100089 42890114 4.1 1.8 07/06/2025 4 05/06/2025 1 382160
100156 100022 42890229 4.6 1.5 07/06/2025 2 04/06/2025 0 451202
100212 100083 42890163 3.9 0.5 07/06/2025 4 05/06/2025 0 887664
100362 100065 42890119 4.3 1.8 07/06/2025 5 06/06/2025 0 318375
100167 100063 42890193 4.5 0.8 10/06/2025 3 07/06/2025 0 696927
100136 100034 42890186 4.1 1.1 11/06/2025 1 09/06/2025 1 69996
100141 100066 42890150 4.9 0.8 11/06/2025 4 11/06/2025 0 372540
100305 100007 42890128 5.0 1.1 11/06/2025 2 11/06/2025 0 296318
100133 100091 42890087 4.3 1.6 12/06/2025 1 10/06/2025 1 72936
100150 100099 42890291 4.4 1.0 12/06/2025 2 09/06/2025 1 289516
100218 100009 42890029 3.7 1.8 13/06/2025 3 12/06/2025 0 572391
100360 100059 42890239 4.0 0.6 13/06/2025 3 11/06/2025 0 584517
100145 100097 42890060 3.6 0.3 14/06/2025 4 13/06/2025 0 566472
100487 100065 42890028 4.3 0.3 14/06/2025 3 12/06/2025 1 191025
100494 100043 42890280 4.2 1.6 14/06/2025 1 11/06/2025 0 74944
100049 100048 42890000 4.7 1.2 15/06/2025 4 13/06/2025 0 645332
100261 100030 42890065 4.3 1.0 15/06/2025 2 15/06/2025 1 164480
100080 100081 42890254 4.5 1.3 16/06/2025 3 16/06/2025 0 583782
100144 100062 42890274 4.9 1.6 17/06/2025 3 17/06/2025 1 220932
100370 100083 42890212 4.6 1.6 17/06/2025 2 16/06/2025 1 443832
100029 100075 42890203 4.5 1.1 18/06/2025 1 15/06/2025 0 109918
100043 100021 42890296 4.8 0.4 18/06/2025 1 15/06/2025 0 116745
100392 100017 42890009 4.0 1.2 18/06/2025 4 17/06/2025 0 379516
100456 100025 42890002 4.8 1.3 18/06/2025 4 16/06/2025 0 540160
100324 100058 42890223 3.8 0.3 20/06/2025 1 19/06/2025 0 117332
100146 100096 42890167 4.6 1.3 21/06/2025 2 18/06/2025 1 296278
100195 100031 42890027 4.8 1.6 21/06/2025 5 21/06/2025 1 966070
100206 100021 42890196 4.8 1.0 21/06/2025 1 21/06/2025 1 116745
100232 100003 42890258 4.5 2.0 21/06/2025 4 18/06/2025 0 615364
100499 100091 42890043 4.1 1.4 21/06/2025 4 21/06/2025 1 291744
100225 100100 42890174 3.5 1.5 23/06/2025 4 22/06/2025 0 361828
100338 100026 42890088 3.8 1.9 23/06/2025 1 22/06/2025 0 213684
100444 100098 42890126 3.8 1.2 23/06/2025 5 20/06/2025 0 677550
100006 100054 42890077 3.6 1.3 24/06/2025 1 24/06/2025 0 152835
100457 100062 42890134 4.1 0.9 25/06/2025 4 22/06/2025 1 294576
100068 100002 42890056 3.8 2.0 26/06/2025 1 26/06/2025 0 166932
100119 100067 42890124 4.0 1.1 26/06/2025 3 26/06/2025 1 570936
100247 100093 42890282 4.9 0.7 26/06/2025 5 24/06/2025 0 961780
100288 100053 42890040 5.0 0.8 26/06/2025 4 25/06/2025 0 762244
100296 100019 42890194 4.5 1.7 26/06/2025 2 25/06/2025 0 199654
100432 100044 42890160 4.5 0.8 26/06/2025 1 23/06/2025 1 96559
100467 100050 42890038 4.2 0.8 26/06/2025 5 25/06/2025 1 884475
100128 100042 42890179 3.9 1.1 27/06/2025 3 27/06/2025 0 493359
100166 100089 42890128 5.0 1.1 27/06/2025 5 25/06/2025 1 477700
100349 100072 42890019 3.5 1.4 27/06/2025 2 27/06/2025 0 396896
100381 100064 42890073 4.6 0.8 27/06/2025 5 25/06/2025 1 1047325
100363 100017 42890248 4.1 1.3 28/06/2025 1 28/06/2025 1 94879
100235 100057 42890175 4.4 1.0 30/06/2025 4 30/06/2025 0 481772
100416 100094 42890059 4.7 1.7 30/06/2025 5 27/06/2025 0 370520
100451 100031 42890018 4.9 0.8 30/06/2025 5 27/06/2025 1 966070
100471 100085 42890287 3.5 1.5 30/06/2025 5 27/06/2025 0 750095
100111 100081 42890229 4.6 1.5 02/07/2025 5 29/06/2025 1 972970
100161 100095 42890298 4.2 1.4 02/07/2025 4 29/06/2025 1 304392
100496 100004 42890099 4.6 1.0 02/07/2025 1 29/06/2025 0 108208
100081 100080 42890011 4.3 1.7 03/07/2025 5 30/06/2025 1 734945
100299 100053 42890216 3.7 0.5 03/07/2025 4 02/07/2025 1 762244
100409 100067 42890231 4.5 0.6 03/07/2025 4 03/07/2025 0 761248
100476 100093 42890227 4.7 0.8 03/07/2025 2 02/07/2025 1 384712
100094 100091 42890070 4.4 1.4 04/07/2025 4 03/07/2025 1 291744
100334 100088 42890088 3.8 1.9 04/07/2025 2 02/07/2025 1 498944
100011 100065 42890250 4.2 0.8 05/07/2025 2 02/07/2025 0 127350
100083 100037 42890192 3.7 1.8 06/07/2025 2 05/07/2025 0 459380
100217 100084 42890094 4.3 0.9 06/07/2025 2 06/07/2025 1 323030
100460 100070 42890010 3.8 0.6 06/07/2025 4 06/07/2025 1 935260
100038 100068 42890291 4.4 1.0 07/07/2025 4 04/07/2025 1 792316
100283 100059 42890138 4.9 1.2 07/07/2025 1 04/07/2025 1 194839
100421 100082 42890007 4.4 1.3 07/07/2025 2 06/07/2025 0 329124
100007 100042 42890287 3.5 1.5 08/07/2025 1 06/07/2025 1 164453
100192 100080 42890291 4.4 1.0 09/07/2025 1 06/07/2025 0 146989
100260 100025 42890278 4.3 1.2 09/07/2025 4 07/07/2025 0 540160
100391 100049 42890079 4.9 0.4 09/07/2025 1 06/07/2025 1 189603
100398 100020 42890146 3.9 1.3 09/07/2025 5 08/07/2025 1 1181070
100413 100061 42890263 4.8 0.7 09/07/2025 4 07/07/2025 0 875788
100500 100034 42890161 4.4 1.3 09/07/2025 3 08/07/2025 0 209988
100074 100080 42890275 4.6 1.2 10/07/2025 4 10/07/2025 0 587956
100184 100008 42890275 4.6 1.2 10/07/2025 1 09/07/2025 0 183669
100008 100088 42890150 4.9 0.8 11/07/2025 4 09/07/2025 1 997888
100082 100039 42890158 4.0 0.9 11/07/2025 5 11/07/2025 0 1186835
100300 100017 42890117 4.6 1.5 12/07/2025 2 12/07/2025 0 189758
100316 100044 42890086 4.0 1.7 12/07/2025 2 09/07/2025 0 193118
100375 100046 42890052 4.5 0.6 12/07/2025 4 12/07/2025 1 471692
100220 100049 42890283 4.1 0.7 13/07/2025 3 13/07/2025 0 568809
100384 100033 42890191 3.8 1.3 13/07/2025 5 10/07/2025 1 602310
100085 100001 42890132 4.8 1.9 14/07/2025 3 13/07/2025 0 196926
100173 100009 42890193 4.5 0.8 14/07/2025 2 12/07/2025 0 381594
100042 100036 42890084 4.4 1.9 15/07/2025 3 14/07/2025 0 473823
100187 100007 42890045 4.5 0.5 15/07/2025 4 15/07/2025 1 592636
100442 100090 42890161 4.4 1.3 15/07/2025 1 14/07/2025 0 126351
100045 100089 42890127 3.9 0.3 16/07/2025 4 13/07/2025 0 382160
100193 100086 42890270 3.8 1.5 16/07/2025 1 14/07/2025 0 61162
100374 100041 42890035 5.0 1.2 16/07/2025 3 16/07/2025 0 253653
100461 100090 42890278 4.3 1.2 16/07/2025 2 15/07/2025 0 252702
100488 100083 42890068 5.0 1.3 16/07/2025 1 16/07/2025 1 221916
100248 100026 42890299 4.5 1.3 17/07/2025 2 14/07/2025 1 427368
100183 100006 42890246 3.8 1.5 18/07/2025 5 15/07/2025 1 810425
100341 100015 42890171 3.6 1.8 18/07/2025 1 17/07/2025 1 97206
100046 100053 42890192 3.7 1.8 19/07/2025 2 19/07/2025 1 381122
100169 100035 42890290 4.3 1.5 19/07/2025 3 19/07/2025 1 302607
100351 100043 42890110 4.8 1.5 19/07/2025 1 18/07/2025 1 74944
100396 100069 42890230 4.7 1.8 19/07/2025 2 17/07/2025 0 123430
100095 100025 42890224 4.3 1.6 20/07/2025 3 17/07/2025 1 405120
100113 100096 42890159 5.0 1.1 20/07/2025 2 18/07/2025 0 296278
100243 100038 42890000 4.7 1.2 20/07/2025 4 17/07/2025 0 940364
100478 100030 42890102 4.3 1.6 20/07/2025 1 20/07/2025 1 82240
100333 100012 42890255 4.6 1.8 22/07/2025 1 20/07/2025 0 209412
100022 100033 42890202 4.3 2.0 23/07/2025 5 21/07/2025 1 602310
100057 100095 42890043 4.1 1.4 23/07/2025 2 20/07/2025 0 152196
100464 100070 42890261 3.5 1.6 23/07/2025 1 20/07/2025 1 233815
100103 100086 42890247 3.9 1.7 24/07/2025 5 24/07/2025 0 305810
100162 100042 42890291 4.4 1.0 24/07/2025 3 23/07/2025 1 493359
100135 100097 42890027 4.8 1.6 25/07/2025 1 24/07/2025 1 141618
100472 100026 42890006 4.1 1.4 25/07/2025 2 23/07/2025 1 427368
100469 100022 42890234 4.1 1.0 27/07/2025 3 26/07/2025 1 676803
100001 100082 42890257 4.1 1.4 30/07/2025 3 29/07/2025 0 493686
100411 100076 42890049 4.6 0.8 30/07/2025 3 28/07/2025 0 677787
100445 100036 42890294 3.9 1.0 30/07/2025 5 30/07/2025 1 789705
100062 100060 42890273 3.8 1.2 31/07/2025 5 31/07/2025 1 394460
100117 100078 42890251 3.8 0.8 31/07/2025 4 31/07/2025 1 422316
100209 100080 42890229 4.6 1.5 31/07/2025 5 30/07/2025 0 734945
100383 100022 42890056 3.8 2.0 01/08/2025 2 31/07/2025 1 451202
100142 100040 42890021 4.8 1.8 02/08/2025 3 01/08/2025 1 626136
100199 100077 42890130 4.7 0.4 02/08/2025 2 01/08/2025 0 495826
100420 100057 42890264 3.7 1.0 03/08/2025 4 02/08/2025 1 481772
100458 100058 42890073 4.6 0.8 04/08/2025 5 02/08/2025 1 586660
100473 100042 42890205 4.9 0.3 05/08/2025 2 04/08/2025 0 328906
100097 100098 42890130 4.7 0.4 06/08/2025 1 06/08/2025 1 135510
100443 100012 42890192 3.7 1.8 06/08/2025 2 06/08/2025 1 418824
100037 100028 42890235 4.3 2.0 07/08/2025 2 04/08/2025 0 496864
100185 100050 42890287 3.5 1.5 07/08/2025 5 04/08/2025 0 884475
100271 100014 42890119 4.3 1.8 08/08/2025 4 05/08/2025 0 564912
100369 100003 42890147 4.6 0.4 08/08/2025 4 05/08/2025 0 615364
100408 100086 42890131 4.0 1.7 08/08/2025 4 08/08/2025 0 244648
100048 100093 42890039 4.7 1.0 09/08/2025 1 06/08/2025 1 192356
100158 100023 42890040 5.0 0.8 09/08/2025 2 07/08/2025 0 493584
100278 100011 42890010 3.8 0.6 09/08/2025 4 09/08/2025 1 764860
100485 100057 42890170 3.8 1.7 09/08/2025 2 08/08/2025 0 240886
100102 100038 42890277 4.9 0.9 10/08/2025 3 08/08/2025 1 705273
100484 100061 42890291 4.4 1.0 11/08/2025 5 11/08/2025 0 1094735
100051 100015 42890005 4.1 0.6 12/08/2025 3 10/08/2025 0 291618
100226 100024 42890104 3.6 1.9 12/08/2025 3 11/08/2025 1 350076
100215 100027 42890021 4.8 1.8 13/08/2025 4 11/08/2025 0 855568
100273 100016 42890187 3.6 0.8 13/08/2025 2 12/08/2025 0 184502
100450 100099 42890214 4.2 0.7 13/08/2025 1 10/08/2025 1 144758
100481 100034 42890220 4.2 0.6 13/08/2025 1 10/08/2025 1 69996
100250 100011 42890140 4.8 0.3 15/08/2025 2 14/08/2025 0 382430
100053 100040 42890298 4.2 1.4 16/08/2025 4 13/08/2025 1 834848
100041 100059 42890203 4.5 1.1 17/08/2025 3 14/08/2025 1 584517
100105 100056 42890161 4.4 1.3 17/08/2025 2 16/08/2025 0 183356
100311 100033 42890143 4.6 1.0 17/08/2025 3 15/08/2025 0 361386
100436 100089 42890216 3.7 0.5 17/08/2025 5 15/08/2025 1 477700
100486 100054 42890186 4.1 1.1 17/08/2025 5 16/08/2025 1 764175
100012 100030 42890226 4.8 1.3 19/08/2025 3 19/08/2025 0 246720
100107 100080 42890216 3.7 0.5 19/08/2025 2 19/08/2025 1 293978
100290 100018 42890009 4.0 1.2 19/08/2025 4 19/08/2025 1 497828
100093 100071 42890069 4.0 1.6 21/08/2025 3 19/08/2025 0 204957
100077 100021 42890037 4.6 1.2 22/08/2025 2 19/08/2025 1 233490
100164 100030 42890115 4.7 1.1 22/08/2025 2 21/08/2025 0 164480
100262 100032 42890210 4.3 1.5 22/08/2025 4 19/08/2025 0 329992
100468 100053 42890104 3.6 1.9 22/08/2025 1 20/08/2025 0 190561
100335 100044 42890066 4.9 0.3 23/08/2025 2 23/08/2025 0 193118
100427 100009 42890153 4.4 0.5 23/08/2025 4 21/08/2025 1 763188
100073 100024 42890065 4.3 1.0 24/08/2025 1 23/08/2025 0 116692
100373 100006 42890042 4.4 1.8 24/08/2025 5 22/08/2025 0 810425
100108 100057 42890232 4.3 0.9 25/08/2025 5 23/08/2025 1 602215
100254 100097 42890290 4.3 1.5 25/08/2025 5 23/08/2025 0 708090
100030 100001 42890084 4.4 1.9 26/08/2025 3 24/08/2025 0 196926
100106 100051 42890043 4.1 1.4 26/08/2025 4 26/08/2025 1 926788
100498 100014 42890274 4.9 1.6 26/08/2025 1 24/08/2025 0 141228
100149 100074 42890029 3.7 1.8 27/08/2025 5 27/08/2025 0 797325
100394 100007 42890289 3.8 1.8 27/08/2025 5 26/08/2025 1 740795
100026 100016 42890015 4.4 0.8 28/08/2025 5 25/08/2025 1 461255
100224 100009 42890158 4.0 0.9 28/08/2025 5 25/08/2025 1 953985
100431 100058 42890040 5.0 0.8 28/08/2025 1 25/08/2025 0 117332
100323 100095 42890207 3.5 1.2 30/08/2025 5 29/08/2025 1 380490
100463 100025 42890042 4.4 1.8 30/08/2025 1 27/08/2025 1 135040
100027 100092 42890217 4.6 1.9 31/08/2025 4 30/08/2025 1 599028
100303 100059 42890075 3.5 1.1 02/09/2025 2 31/08/2025 0 389678
100035 100075 42890091 4.5 1.4 03/09/2025 3 03/09/2025 0 329754
100270 100027 42890014 3.8 1.2 03/09/2025 3 03/09/2025 0 641676
100044 100017 42890175 4.4 1.0 04/09/2025 1 02/09/2025 0 94879
100021 100061 42890174 3.5 1.5 05/09/2025 1 05/09/2025 1 218947
100020 100056 42890038 4.2 0.8 06/09/2025 3 03/09/2025 0 275034
100172 100087 42890104 3.6 1.9 06/09/2025 3 06/09/2025 0 616122
100359 100086 42890191 3.8 1.3 06/09/2025 3 06/09/2025 0 183486
100122 100015 42890103 4.3 1.8 07/09/2025 4 05/09/2025 1 388824
100205 100019 42890160 4.5 0.8 07/09/2025 3 05/09/2025 0 299481
100269 100084 42890287 3.5 1.5 07/09/2025 1 07/09/2025 0 161515
100344 100094 42890271 4.3 1.7 07/09/2025 1 06/09/2025 0 74104
100024 100002 42890090 3.7 1.1 08/09/2025 2 06/09/2025 1 333864
100088 100042 42890237 4.0 1.3 08/09/2025 4 05/09/2025 0 657812
100255 100066 42890016 4.2 1.4 08/09/2025 1 07/09/2025 0 93135
100419 100044 42890167 4.6 1.3 08/09/2025 1 05/09/2025 1 96559
100274 100062 42890276 5.0 1.0 09/09/2025 4 06/09/2025 0 294576
100281 100100 42890152 4.0 1.6 09/09/2025 1 09/09/2025 1 90457
100312 100081 42890083 4.9 0.5 09/09/2025 1 09/09/2025 0 194594
100098 100100 42890090 3.7 1.1 10/09/2025 3 08/09/2025 1 271371
100210 100032 42890036 3.8 1.4 10/09/2025 5 09/09/2025 1 412490
100366 100090 42890294 3.9 1.0 10/09/2025 4 07/09/2025 1 505404
100075 100003 42890256 4.6 1.7 11/09/2025 4 09/09/2025 1 615364
100071 100085 42890204 3.5 1.7 12/09/2025 2 12/09/2025 1 300038
100148 100068 42890241 4.3 0.8 12/09/2025 1 09/09/2025 0 198079
100181 100080 42890160 4.5 0.8 12/09/2025 5 12/09/2025 1 734945
100198 100089 42890286 3.7 0.6 12/09/2025 1 09/09/2025 1 95540
100294 100052 42890249 5.0 0.9 13/09/2025 2 10/09/2025 0 308172
100371 100089 42890291 4.4 1.0 13/09/2025 5 13/09/2025 0 477700
100435 100011 42890015 4.4 0.8 13/09/2025 4 13/09/2025 0 764860
100213 100019 42890075 3.5 1.1 14/09/2025 1 12/09/2025 1 99827
100306 100058 42890089 4.5 1.8 14/09/2025 5 14/09/2025 0 586660
100055 100004 42890035 5.0 1.2 15/09/2025 2 14/09/2025 0 216416
100320 100093 42890194 4.5 1.7 15/09/2025 4 13/09/2025 1 769424
100314 100083 42890090 3.7 1.1 16/09/2025 1 16/09/2025 0 221916
100308 100031 42890064 3.9 0.8 17/09/2025 2 15/09/2025 1 386428
100061 100008 42890060 3.6 0.3 18/09/2025 5 16/09/2025 1 918345
100063 100009 42890258 4.5 2.0 18/09/2025 2 15/09/2025 0 381594
100065 100074 42890019 3.5 1.4 18/09/2025 5 18/09/2025 0 797325
100101 100041 42890122 4.4 0.5 18/09/2025 2 16/09/2025 1 169102
100302 100052 42890211 3.7 1.0 18/09/2025 3 15/09/2025 0 462258
100405 100062 42890274 4.9 1.6 18/09/2025 5 16/09/2025 1 368220
100234 100090 42890140 4.8 0.3 19/09/2025 4 17/09/2025 0 505404
100355 100023 42890226 4.8 1.3 20/09/2025 3 19/09/2025 1 740376
100490 100069 42890188 4.0 0.9 20/09/2025 1 18/09/2025 1 61715
100132 100084 42890045 4.5 0.5 21/09/2025 5 20/09/2025 1 807575
100134 100042 42890157 3.8 1.5 21/09/2025 4 19/09/2025 1 657812
100040 100032 42890285 4.7 0.9 22/09/2025 4 21/09/2025 1 329992
100309 100068 42890242 4.2 0.6 22/09/2025 2 21/09/2025 0 396158
100422 100071 42890149 4.4 1.9 22/09/2025 2 22/09/2025 1 136638
100090 100062 42890287 3.5 1.5 23/09/2025 1 21/09/2025 0 73644
100109 100033 42890049 4.6 0.8 23/09/2025 2 22/09/2025 0 240924
100131 100086 42890085 4.9 1.9 23/09/2025 5 22/09/2025 1 305810
100168 100007 42890225 4.4 1.3 23/09/2025 2 22/09/2025 0 296318
100203 100010 42890297 3.9 1.2 25/09/2025 3 25/09/2025 1 475185
100245 100034 42890185 4.1 1.4 25/09/2025 5 23/09/2025 1 349980
100407 100037 42890217 4.6 1.9 25/09/2025 3 24/09/2025 1 689070
100015 100039 42890180 3.8 0.5 27/09/2025 4 24/09/2025 0 949468
100112 100071 42890162 3.5 1.1 27/09/2025 2 27/09/2025 1 136638
100165 100082 42890242 4.2 0.6 28/09/2025 5 28/09/2025 0 822810
100084 100040 42890043 4.1 1.4 29/09/2025 3 27/09/2025 1 626136
100326 100038 42890072 4.1 0.8 29/09/2025 5 29/09/2025 0 1175455
100005 100021 42890168 5.0 1.6 30/09/2025 3 30/09/2025 1 350235
100025 100004 42890149 4.4 1.9 30/09/2025 3 29/09/2025 1 324624
100280 100013 42890116 3.9 0.4 30/09/2025 4 30/09/2025 0 295484
100070 100069 42890170 3.8 1.7 01/10/2025 3 30/09/2025 0 185145
100154 100028 42890266 4.3 1.2 01/10/2025 2 30/09/2025 1 496864
100139 100040 42890160 4.5 0.8 02/10/2025 2 30/09/2025 0 417424
100466 100020 42890276 5.0 1.0 02/10/2025 5 01/10/2025 1 1181070
100179 100009 42890286 3.7 0.6 03/10/2025 3 01/10/2025 1 572391
100265 100015 42890055 4.2 1.3 03/10/2025 5 02/10/2025 1 486030
100399 100070 42890008 4.1 1.5 03/10/2025 5 02/10/2025 1 1169075
100418 100033 42890066 4.9 0.3 04/10/2025 3 04/10/2025 1 361386
100455 100086 42890140 4.8 0.3 04/10/2025 5 02/10/2025 0 305810
100259 100081 42890200 4.9 0.7 05/10/2025 4 05/10/2025 1 778376
100321 100052 42890214 4.2 0.7 05/10/2025 4 03/10/2025 0 616344
100120 100088 42890091 4.5 1.4 07/10/2025 2 07/10/2025 0 498944
100137 100069 42890104 3.6 1.9 07/10/2025 2 05/10/2025 0 123430
100475 100051 42890058 3.7 1.9 07/10/2025 4 04/10/2025 0 926788
100078 100091 42890284 4.1 0.8 08/10/2025 4 05/10/2025 0 291744
100201 100024 42890254 4.5 1.3 08/10/2025 2 06/10/2025 1 233384
100229 100100 42890076 4.3 0.7 08/10/2025 4 06/10/2025 0 361828
100272 100083 42890179 3.9 1.1 08/10/2025 3 05/10/2025 0 665748
100331 100090 42890068 5.0 1.3 08/10/2025 3 05/10/2025 1 379053
100403 100087 42890139 3.8 0.9 08/10/2025 1 05/10/2025 1 205374
100266 100067 42890077 3.6 1.3 09/10/2025 1 09/10/2025 0 190312
100318 100063 42890149 4.4 1.9 09/10/2025 5 08/10/2025 1 1161545
100379 100031 42890181 4.9 1.9 09/10/2025 3 07/10/2025 0 579642
100401 100061 42890236 3.9 0.4 09/10/2025 1 08/10/2025 1 218947
100016 100029 42890061 5.0 0.8 10/10/2025 4 08/10/2025 0 682204
100189 100062 42890041 4.9 1.6 10/10/2025 2 08/10/2025 1 147288
100197 100072 42890195 4.1 1.6 11/10/2025 3 11/10/2025 0 595344
100387 100097 42890030 4.3 1.5 11/10/2025 2 08/10/2025 1 283236
100143 100024 42890184 4.4 0.6 12/10/2025 2 09/10/2025 1 233384
100241 100046 42890095 4.8 0.3 12/10/2025 4 09/10/2025 0 471692
100353 100098 42890201 4.8 0.8 12/10/2025 5 12/10/2025 0 677550
100147 100053 42890253 3.9 1.7 13/10/2025 1 12/10/2025 1 190561
100222 100045 42890059 4.7 1.7 13/10/2025 3 11/10/2025 0 268389
100031 100049 42890181 4.9 1.9 14/10/2025 1 11/10/2025 1 189603
100267 100048 42890068 5.0 1.3 14/10/2025 3 13/10/2025 1 483999
100412 100089 42890051 3.5 1.3 14/10/2025 4 13/10/2025 1 382160
100076 100033 42890110 4.8 1.5 15/10/2025 5 14/10/2025 1 602310
100231 100068 42890004 3.9 1.7 15/10/2025 3 13/10/2025 0 594237
100477 100041 42890033 4.7 1.5 15/10/2025 3 13/10/2025 1 253653
100060 100086 42890285 4.7 0.9 16/10/2025 2 14/10/2025 0 122324
100286 100046 42890293 4.1 1.1 16/10/2025 2 15/10/2025 1 235846
100291 100084 42890229 4.6 1.5 16/10/2025 4 16/10/2025 1 646060
100329 100047 42890082 4.2 1.2 16/10/2025 3 16/10/2025 1 696378
100402 100065 42890272 4.6 0.5 16/10/2025 5 15/10/2025 0 318375
100099 100036 42890130 4.7 0.4 17/10/2025 2 15/10/2025 1 315882
100449 100022 42890216 3.7 0.5 17/10/2025 1 14/10/2025 1 225601
100236 100080 42890214 4.2 0.7 18/10/2025 3 17/10/2025 0 440967
100249 100069 42890203 4.5 1.1 18/10/2025 3 18/10/2025 1 185145
100175 100038 42890130 4.7 0.4 19/10/2025 4 18/10/2025 1 940364
100376 100067 42890265 4.4 0.7 19/10/2025 5 17/10/2025 1 951560
100429 100061 42890221 4.6 1.6 20/10/2025 4 18/10/2025 1 875788
100253 100016 42890037 4.6 1.2 21/10/2025 5 18/10/2025 0 461255
100372 100069 42890129 4.9 0.6 21/10/2025 4 21/10/2025 0 246860
100446 100036 42890107 4.6 1.9 21/10/2025 4 19/10/2025 0 631764
100032 100055 42890297 3.9 1.2 22/10/2025 1 20/10/2025 0 147789
100152 100072 42890085 4.9 1.9 22/10/2025 3 19/10/2025 0 595344
100282 100037 42890020 3.8 0.5 22/10/2025 3 19/10/2025 0 689070
100454 100055 42890012 4.6 1.0 23/10/2025 4 23/10/2025 1 591156
100489 100040 42890032 3.6 2.0 23/10/2025 3 22/10/2025 1 626136
100350 100065 42890113 3.9 1.1 24/10/2025 4 23/10/2025 1 254700
100125 100034 42890033 4.7 1.5 25/10/2025 1 23/10/2025 0 69996
100301 100003 42890244 4.5 1.7 25/10/2025 4 25/10/2025 1 615364
100151 100016 42890239 4.0 0.6 27/10/2025 5 26/10/2025 1 461255
100313 100091 42890077 3.6 1.3 27/10/2025 3 26/10/2025 1 218808
100347 100096 42890283 4.1 0.7 27/10/2025 2 26/10/2025 1 296278
100474 100036 42890253 3.9 1.7 27/10/2025 4 26/10/2025 1 631764
100204 100028 42890062 4.6 2.0 28/10/2025 3 27/10/2025 0 745296
100492 100094 42890210 4.3 1.5 28/10/2025 2 28/10/2025 0 148208
100388 100033 42890273 3.8 1.2 30/10/2025 2 27/10/2025 0 240924
100297 100065 42890048 5.0 1.2 31/10/2025 2 29/10/2025 0 127350
100390 100091 42890295 4.5 1.9 31/10/2025 5 28/10/2025 1 364680
100115 100012 42890171 3.6 1.8 01/11/2025 2 30/10/2025 1 418824
100104 100089 42890295 4.5 1.9 02/11/2025 5 31/10/2025 1 477700
100230 100058 42890157 3.8 1.5 02/11/2025 4 02/11/2025 1 469328
100319 100074 42890287 3.5 1.5 02/11/2025 1 31/10/2025 0 159465
100127 100090 42890025 4.9 0.3 04/11/2025 4 03/11/2025 0 505404
100171 100085 42890235 4.3 2.0 04/11/2025 1 03/11/2025 1 150019
100426 100018 42890134 4.1 0.9 04/11/2025 1 04/11/2025 1 124457
100079 100017 42890226 4.8 1.3 05/11/2025 3 02/11/2025 1 284637
100337 100100 42890271 4.3 1.7 05/11/2025 3 02/11/2025 0 271371
100352 100061 42890215 4.5 1.1 05/11/2025 4 05/11/2025 1 875788
100462 100024 42890210 4.3 1.5 05/11/2025 1 03/11/2025 0 116692
100365 100028 42890040 5.0 0.8 06/11/2025 4 03/11/2025 1 993728
100186 100063 42890044 3.6 1.6 07/11/2025 2 06/11/2025 1 464618
100400 100021 42890279 3.6 1.0 07/11/2025 4 05/11/2025 0 466980
100157 100025 42890242 4.2 0.6 08/11/2025 2 08/11/2025 0 270080
100307 100033 42890050 4.9 0.8 08/11/2025 2 07/11/2025 0 240924
100330 100090 42890076 4.3 0.7 08/11/2025 2 08/11/2025 1 252702
100343 100091 42890263 4.8 0.7 08/11/2025 5 07/11/2025 0 364680
100428 100085 42890023 4.4 0.9 08/11/2025 2 06/11/2025 0 300038
100129 100063 42890261 3.5 1.6 09/11/2025 3 09/11/2025 1 696927
100256 100080 42890034 4.0 0.6 09/11/2025 4 06/11/2025 1 587956
100263 100036 42890060 3.6 0.3 09/11/2025 1 07/11/2025 0 157941
100315 100066 42890078 4.0 0.4 09/11/2025 1 06/11/2025 0 93135
100089 100018 42890032 3.6 2.0 11/11/2025 3 10/11/2025 1 373371
100155 100069 42890240 4.7 0.8 11/11/2025 4 09/11/2025 1 246860
100228 100071 42890286 3.7 0.6 11/11/2025 3 08/11/2025 1 204957
100346 100012 42890084 4.4 1.9 12/11/2025 3 11/11/2025 0 628236
100159 100066 42890223 3.8 0.3 14/11/2025 3 13/11/2025 0 279405
100364 100058 42890129 4.9 0.6 14/11/2025 2 11/11/2025 1 234664
100378 100100 42890252 3.8 1.6 15/11/2025 4 14/11/2025 0 361828
100239 100030 42890105 4.5 1.8 17/11/2025 3 17/11/2025 0 246720
100380 100078 42890098 4.1 2.0 17/11/2025 5 15/11/2025 0 527895
100423 100091 42890136 4.2 0.6 17/11/2025 2 15/11/2025 0 145872
100336 100037 42890066 4.9 0.3 19/11/2025 2 17/11/2025 1 459380
100361 100022 42890133 4.3 0.7 19/11/2025 2 19/11/2025 0 451202
100214 100019 42890071 4.6 1.2 20/11/2025 4 20/11/2025 0 399308
100322 100082 42890116 3.9 0.4 20/11/2025 1 20/11/2025 1 164562
100438 100032 42890232 4.3 0.9 20/11/2025 1 18/11/2025 1 82498
100056 100035 42890064 3.9 0.8 21/11/2025 1 21/11/2025 1 100869
100437 100051 42890166 3.8 0.8 21/11/2025 5 20/11/2025 1 1158485
100069 100071 42890039 4.7 1.0 23/11/2025 1 22/11/2025 0 68319
100252 100060 42890242 4.2 0.6 23/11/2025 5 22/11/2025 0 394460
100264 100091 42890252 3.8 1.6 23/11/2025 3 20/11/2025 1 218808
100258 100076 42890135 5.0 0.3 24/11/2025 1 24/11/2025 0 225929
100470 100093 42890047 4.4 1.4 24/11/2025 3 24/11/2025 0 577068
100216 100011 42890133 4.3 0.7 25/11/2025 3 23/11/2025 1 573645
100221 100003 42890249 5.0 0.9 26/11/2025 1 25/11/2025 1 153841
100332 100005 42890092 3.7 1.9 26/11/2025 2 25/11/2025 1 363950
100368 100082 42890209 5.0 1.3 26/11/2025 1 25/11/2025 0 164562
100064 100001 42890234 4.1 1.0 27/11/2025 5 26/11/2025 1 328210
100116 100073 42890279 3.6 1.0 27/11/2025 5 27/11/2025 0 852760
100176 100004 42890283 4.1 0.7 27/11/2025 5 27/11/2025 1 541040
100196 100041 42890103 4.3 1.8 27/11/2025 4 26/11/2025 1 338204
100211 100018 42890281 3.5 1.0 28/11/2025 3 27/11/2025 1 373371
100483 100039 42890031 5.0 1.5 28/11/2025 2 28/11/2025 1 474734
100292 100022 42890016 4.2 1.4 30/11/2025 5 29/11/2025 0 1128005
100425 100036 42890132 4.8 1.9 30/11/2025 5 27/11/2025 0 789705
100465 100032 42890043 4.1 1.4 01/12/2025 1 01/12/2025 1 82498
100382 100071 42890292 4.8 1.9 02/12/2025 2 02/12/2025 0 136638
100054 100088 42890205 4.9 0.3 03/12/2025 1 03/12/2025 1 249472
100066 100029 42890024 4.9 0.5 03/12/2025 1 30/11/2025 1 170551
100342 100062 42890066 4.9 0.3 03/12/2025 2 30/11/2025 1 147288
100034 100012 42890141 3.9 0.8 05/12/2025 5 02/12/2025 0 1047060
100298 100062 42890052 4.5 0.6 05/12/2025 2 02/12/2025 1 147288
100018 100016 42890019 3.5 1.4 06/12/2025 4 05/12/2025 1 369004
100233 100094 42890232 4.3 0.9 06/12/2025 5 05/12/2025 0 370520
100276 100100 42890227 4.7 0.8 06/12/2025 4 05/12/2025 1 361828
100004 100062 42890131 4.0 1.7 07/12/2025 5 05/12/2025 1 368220
100246 100089 42890038 4.2 0.8 07/12/2025 5 07/12/2025 1 477700
100479 100072 42890135 5.0 0.3 07/12/2025 4 07/12/2025 0 793792
100138 100073 42890229 4.6 1.5 08/12/2025 1 05/12/2025 1 170552
100153 100034 42890176 4.4 1.7 08/12/2025 1 06/12/2025 0 69996
100434 100013 42890118 4.9 1.6 08/12/2025 5 06/12/2025 0 369355
100140 100048 42890223 3.8 0.3 09/12/2025 4 09/12/2025 1 645332
100404 100088 42890003 4.7 1.8 09/12/2025 4 08/12/2025 0 997888
100237 100031 42890070 4.4 1.4 11/12/2025 1 09/12/2025 1 193214
100415 100084 42890153 4.4 0.5 11/12/2025 5 10/12/2025 0 807575
100003 100054 42890116 3.9 0.4 12/12/2025 4 09/12/2025 0 611340
100050 100047 42890151 4.2 1.4 12/12/2025 2 12/12/2025 0 464252
100223 100051 42890299 4.5 1.3 13/12/2025 1 13/12/2025 0 231697
100010 100091 42890009 4.0 1.2 14/12/2025 1 11/12/2025 0 72936
100052 100028 42890150 4.9 0.8 15/12/2025 2 13/12/2025 1 496864
100059 100041 42890263 4.8 0.7 16/12/2025 3 13/12/2025 1 253653
100317 100071 42890044 3.6 1.6 16/12/2025 1 14/12/2025 0 68319
100039 100032 42890153 4.4 0.5 17/12/2025 1 14/12/2025 0 82498
100163 100077 42890210 4.3 1.5 17/12/2025 5 15/12/2025 0 1239565
100279 100049 42890254 4.5 1.3 17/12/2025 5 17/12/2025 1 948015
100345 100099 42890269 4.7 2.0 17/12/2025 4 15/12/2025 0 579032
100180 100022 42890009 4.0 1.2 18/12/2025 3 15/12/2025 0 676803
100289 100045 42890084 4.4 1.9 18/12/2025 2 15/12/2025 1 178926
100358 100019 42890194 4.5 1.7 20/12/2025 1 20/12/2025 0 99827
100482 100072 42890285 4.7 0.9 20/12/2025 2 19/12/2025 1 396896
100033 100055 42890076 4.3 0.7 21/12/2025 4 19/12/2025 1 591156
100304 100037 42890267 3.6 1.6 21/12/2025 2 19/12/2025 0 459380
100087 100065 42890136 4.2 0.6 22/12/2025 3 21/12/2025 1 191025
100357 100035 42890130 4.7 0.4 22/12/2025 3 19/12/2025 1 302607
100385 100050 42890242 4.2 0.6 22/12/2025 2 22/12/2025 1 353790
100452 100066 42890086 4.0 1.7 22/12/2025 2 22/12/2025 1 186270
100497 100026 42890163 3.9 0.5 22/12/2025 5 22/12/2025 1 1068420
100058 100084 42890178 4.6 0.3 23/12/2025 5 23/12/2025 1 807575
100348 100014 42890098 4.1 2.0 24/12/2025 4 24/12/2025 1 564912
100023 100068 42890045 4.5 0.5 26/12/2025 4 24/12/2025 0 792316
100123 100094 42890252 3.8 1.6 26/12/2025 2 25/12/2025 1 148208
100124 100074 42890243 3.6 1.0 26/12/2025 3 26/12/2025 0 478395
100208 100030 42890208 4.6 1.2 26/12/2025 1 26/12/2025 1 82240
100395 100090 42890245 3.8 0.6 26/12/2025 2 24/12/2025 1 252702
100096 100046 42890263 4.8 0.7 27/12/2025 1 27/12/2025 1 117923
100114 100072 42890051 3.5 1.3 27/12/2025 3 26/12/2025 0 595344
100293 100007 42890050 4.9 0.8 27/12/2025 4 26/12/2025 1 592636
100339 100056 42890064 3.9 0.8 27/12/2025 4 26/12/2025 1 366712
100188 100071 42890209 5.0 1.3 29/12/2025 2 29/12/2025 1 136638
